# per-m root counts of U_m mod p, wrap-free windows s in [0, p-H); columns: p H m count
10007 100 1 3
10007 100 2 0
10007 100 3 4
10007 100 4 2
10007 100 5 5
10007 100 6 0
10007 100 7 3
10007 100 8 4
10007 100 9 1
10007 100 10 0
10007 100 11 1
10007 100 12 2
10007 100 13 1
10007 100 14 0
10007 100 15 1
10007 100 16 0
10007 100 17 3
10007 100 18 0
10007 100 19 1
10007 100 20 0
10007 100 21 1
10007 100 22 4
10007 100 23 1
10007 100 24 0
10007 100 25 3
10007 100 26 0
10007 100 27 1
10007 100 28 2
10007 100 29 1
10007 100 30 2
10007 100 31 5
10007 100 32 2
10007 100 33 1
10007 100 34 0
10007 100 35 5
10007 100 36 0
10007 100 37 3
10007 100 38 3
10007 100 39 1
10007 100 40 2
10007 100 41 3
10007 100 42 2
10007 100 43 1
10007 100 44 0
10007 100 45 1
10007 100 46 1
10007 100 47 5
10007 100 48 0
10007 100 49 3
10007 100 50 2
10007 100 51 1
10007 100 52 0
10007 100 53 1
10007 100 54 0
10007 100 55 3
10007 100 56 0
10007 100 57 1
10007 100 58 0
10007 100 59 5
10007 100 60 0
10007 100 61 1
10007 100 62 2
10007 100 63 1
10007 100 64 2
10007 100 65 1
10007 100 66 0
10007 100 67 1
10007 100 68 4
10007 100 69 1
10007 100 70 0
10007 100 71 3
10007 100 72 6
10007 100 73 1
10007 100 74 0
10007 100 75 1
10007 100 76 0
10007 100 77 1
10007 100 78 0
10007 100 79 1
10007 100 80 4
10007 100 81 1
10007 100 82 0
10007 100 83 1
10007 100 84 0
10007 100 85 1
10007 100 86 0
10007 100 87 3
10007 100 88 2
10007 100 89 3
10007 100 90 0
10007 100 91 1
10007 100 92 0
10007 100 93 3
10007 100 94 0
10007 100 95 3
10007 100 96 0
10007 100 97 3
10007 100 98 0
10007 100 99 3
10007 100 100 0
100003 316 1 3
100003 316 2 0
100003 316 3 1
100003 316 4 0
100003 316 5 1
100003 316 6 0
100003 316 7 3
100003 316 8 0
100003 316 9 1
100003 316 10 0
100003 316 11 1
100003 316 12 0
100003 316 13 1
100003 316 14 0
100003 316 15 1
100003 316 16 2
100003 316 17 1
100003 316 18 2
100003 316 19 1
100003 316 20 2
100003 316 21 3
100003 316 22 0
100003 316 23 3
100003 316 24 0
100003 316 25 7
100003 316 26 0
100003 316 27 1
100003 316 28 0
100003 316 29 7
100003 316 30 0
100003 316 31 1
100003 316 32 0
100003 316 33 1
100003 316 34 0
100003 316 35 1
100003 316 36 0
100003 316 37 1
100003 316 38 4
100003 316 39 5
100003 316 40 0
100003 316 41 3
100003 316 42 0
100003 316 43 1
100003 316 44 2
100003 316 45 1
100003 316 46 0
100003 316 47 1
100003 316 48 0
100003 316 49 1
100003 316 50 0
100003 316 51 1
100003 316 52 2
100003 316 53 5
100003 316 54 2
100003 316 55 1
100003 316 56 2
100003 316 57 3
100003 316 58 2
100003 316 59 1
100003 316 60 0
100003 316 61 1
100003 316 62 0
100003 316 63 1
100003 316 64 2
100003 316 65 1
100003 316 66 0
100003 316 67 1
100003 316 68 6
100003 316 69 1
100003 316 70 2
100003 316 71 3
100003 316 72 2
100003 316 73 1
100003 316 74 2
100003 316 75 3
100003 316 76 0
100003 316 77 3
100003 316 78 2
100003 316 79 3
100003 316 80 0
100003 316 81 3
100003 316 82 2
100003 316 83 3
100003 316 84 0
100003 316 85 5
100003 316 86 0
100003 316 87 3
100003 316 88 0
100003 316 89 1
100003 316 90 2
100003 316 91 3
100003 316 92 0
100003 316 93 1
100003 316 94 0
100003 316 95 1
100003 316 96 2
100003 316 97 1
100003 316 98 0
100003 316 99 1
100003 316 100 0
100003 316 101 1
100003 316 102 0
100003 316 103 1
100003 316 104 0
100003 316 105 1
100003 316 106 0
100003 316 107 1
100003 316 108 0
100003 316 109 3
100003 316 110 0
100003 316 111 3
100003 316 112 0
100003 316 113 1
100003 316 114 0
100003 316 115 1
100003 316 116 0
100003 316 117 1
100003 316 118 4
100003 316 119 1
100003 316 120 0
100003 316 121 5
100003 316 122 0
100003 316 123 3
100003 316 124 2
100003 316 125 3
100003 316 126 0
100003 316 127 1
100003 316 128 0
100003 316 129 1
100003 316 130 0
100003 316 131 1
100003 316 132 4
100003 316 133 1
100003 316 134 0
100003 316 135 1
100003 316 136 0
100003 316 137 1
100003 316 138 0
100003 316 139 3
100003 316 140 2
100003 316 141 3
100003 316 142 0
100003 316 143 1
100003 316 144 2
100003 316 145 3
100003 316 146 2
100003 316 147 1
100003 316 148 0
100003 316 149 1
100003 316 150 0
100003 316 151 3
100003 316 152 0
100003 316 153 1
100003 316 154 2
100003 316 155 3
100003 316 156 0
100003 316 157 5
100003 316 158 2
100003 316 159 1
100003 316 160 0
100003 316 161 1
100003 316 162 2
100003 316 163 5
100003 316 164 4
100003 316 165 3
100003 316 166 0
100003 316 167 1
100003 316 168 2
100003 316 169 1
100003 316 170 2
100003 316 171 5
100003 316 172 0
100003 316 173 3
100003 316 174 2
100003 316 175 1
100003 316 176 2
100003 316 177 1
100003 316 178 4
100003 316 179 3
100003 316 180 2
100003 316 181 1
100003 316 182 2
100003 316 183 1
100003 316 184 0
100003 316 185 3
100003 316 186 2
100003 316 187 1
100003 316 188 4
100003 316 189 5
100003 316 190 2
100003 316 191 1
100003 316 192 0
100003 316 193 3
100003 316 194 0
100003 316 195 3
100003 316 196 0
100003 316 197 1
100003 316 198 2
100003 316 199 1
100003 316 200 0
100003 316 201 3
100003 316 202 2
100003 316 203 3
100003 316 204 0
100003 316 205 1
100003 316 206 2
100003 316 207 1
100003 316 208 0
100003 316 209 1
100003 316 210 2
100003 316 211 5
100003 316 212 0
100003 316 213 3
100003 316 214 2
100003 316 215 1
100003 316 216 2
100003 316 217 3
100003 316 218 0
100003 316 219 1
100003 316 220 2
100003 316 221 1
100003 316 222 2
100003 316 223 3
100003 316 224 0
100003 316 225 1
100003 316 226 2
100003 316 227 1
100003 316 228 0
100003 316 229 1
100003 316 230 6
100003 316 231 1
100003 316 232 0
100003 316 233 1
100003 316 234 6
100003 316 235 5
100003 316 236 0
100003 316 237 1
100003 316 238 0
100003 316 239 3
100003 316 240 0
100003 316 241 1
100003 316 242 0
100003 316 243 1
100003 316 244 0
100003 316 245 5
100003 316 246 0
100003 316 247 1
100003 316 248 2
100003 316 249 1
100003 316 250 0
100003 316 251 3
100003 316 252 2
100003 316 253 3
100003 316 254 0
100003 316 255 1
100003 316 256 0
100003 316 257 3
100003 316 258 0
100003 316 259 1
100003 316 260 2
100003 316 261 1
100003 316 262 0
100003 316 263 1
100003 316 264 0
100003 316 265 1
100003 316 266 0
100003 316 267 3
100003 316 268 2
100003 316 269 5
100003 316 270 0
100003 316 271 3
100003 316 272 0
100003 316 273 3
100003 316 274 0
100003 316 275 1
100003 316 276 4
100003 316 277 1
100003 316 278 0
100003 316 279 1
100003 316 280 2
100003 316 281 1
100003 316 282 0
100003 316 283 1
100003 316 284 0
100003 316 285 1
100003 316 286 0
100003 316 287 1
100003 316 288 0
100003 316 289 1
100003 316 290 0
100003 316 291 1
100003 316 292 2
100003 316 293 1
100003 316 294 2
100003 316 295 3
100003 316 296 0
100003 316 297 1
100003 316 298 0
100003 316 299 1
100003 316 300 2
100003 316 301 1
100003 316 302 0
100003 316 303 3
100003 316 304 0
100003 316 305 1
100003 316 306 2
100003 316 307 7
100003 316 308 0
100003 316 309 3
100003 316 310 0
100003 316 311 3
100003 316 312 2
100003 316 313 1
100003 316 314 0
100003 316 315 1
100003 316 316 4
1000003 1000 1 1
1000003 1000 2 2
1000003 1000 3 3
1000003 1000 4 0
1000003 1000 5 1
1000003 1000 6 0
1000003 1000 7 3
1000003 1000 8 2
1000003 1000 9 1
1000003 1000 10 2
1000003 1000 11 1
1000003 1000 12 0
1000003 1000 13 1
1000003 1000 14 4
1000003 1000 15 1
1000003 1000 16 2
1000003 1000 17 3
1000003 1000 18 0
1000003 1000 19 5
1000003 1000 20 2
1000003 1000 21 1
1000003 1000 22 4
1000003 1000 23 1
1000003 1000 24 2
1000003 1000 25 3
1000003 1000 26 2
1000003 1000 27 1
1000003 1000 28 2
1000003 1000 29 3
1000003 1000 30 2
1000003 1000 31 1
1000003 1000 32 0
1000003 1000 33 3
1000003 1000 34 2
1000003 1000 35 3
1000003 1000 36 0
1000003 1000 37 1
1000003 1000 38 0
1000003 1000 39 1
1000003 1000 40 0
1000003 1000 41 3
1000003 1000 42 0
1000003 1000 43 1
1000003 1000 44 4
1000003 1000 45 5
1000003 1000 46 2
1000003 1000 47 1
1000003 1000 48 2
1000003 1000 49 1
1000003 1000 50 4
1000003 1000 51 1
1000003 1000 52 2
1000003 1000 53 1
1000003 1000 54 0
1000003 1000 55 3
1000003 1000 56 4
1000003 1000 57 1
1000003 1000 58 2
1000003 1000 59 3
1000003 1000 60 4
1000003 1000 61 3
1000003 1000 62 0
1000003 1000 63 3
1000003 1000 64 0
1000003 1000 65 1
1000003 1000 66 2
1000003 1000 67 5
1000003 1000 68 0
1000003 1000 69 1
1000003 1000 70 0
1000003 1000 71 1
1000003 1000 72 2
1000003 1000 73 1
1000003 1000 74 4
1000003 1000 75 1
1000003 1000 76 0
1000003 1000 77 1
1000003 1000 78 2
1000003 1000 79 3
1000003 1000 80 0
1000003 1000 81 1
1000003 1000 82 2
1000003 1000 83 1
1000003 1000 84 2
1000003 1000 85 1
1000003 1000 86 0
1000003 1000 87 1
1000003 1000 88 0
1000003 1000 89 1
1000003 1000 90 0
1000003 1000 91 1
1000003 1000 92 0
1000003 1000 93 3
1000003 1000 94 2
1000003 1000 95 3
1000003 1000 96 2
1000003 1000 97 1
1000003 1000 98 0
1000003 1000 99 3
1000003 1000 100 2
1000003 1000 101 5
1000003 1000 102 0
1000003 1000 103 3
1000003 1000 104 0
1000003 1000 105 1
1000003 1000 106 2
1000003 1000 107 1
1000003 1000 108 2
1000003 1000 109 3
1000003 1000 110 0
1000003 1000 111 1
1000003 1000 112 4
1000003 1000 113 1
1000003 1000 114 4
1000003 1000 115 5
1000003 1000 116 3
1000003 1000 117 3
1000003 1000 118 2
1000003 1000 119 1
1000003 1000 120 0
1000003 1000 121 1
1000003 1000 122 0
1000003 1000 123 1
1000003 1000 124 0
1000003 1000 125 1
1000003 1000 126 2
1000003 1000 127 3
1000003 1000 128 4
1000003 1000 129 7
1000003 1000 130 0
1000003 1000 131 1
1000003 1000 132 0
1000003 1000 133 1
1000003 1000 134 0
1000003 1000 135 1
1000003 1000 136 4
1000003 1000 137 1
1000003 1000 138 2
1000003 1000 139 3
1000003 1000 140 0
1000003 1000 141 1
1000003 1000 142 0
1000003 1000 143 1
1000003 1000 144 0
1000003 1000 145 3
1000003 1000 146 0
1000003 1000 147 5
1000003 1000 148 0
1000003 1000 149 1
1000003 1000 150 0
1000003 1000 151 1
1000003 1000 152 0
1000003 1000 153 1
1000003 1000 154 0
1000003 1000 155 1
1000003 1000 156 0
1000003 1000 157 3
1000003 1000 158 0
1000003 1000 159 3
1000003 1000 160 4
1000003 1000 161 1
1000003 1000 162 2
1000003 1000 163 3
1000003 1000 164 2
1000003 1000 165 1
1000003 1000 166 0
1000003 1000 167 1
1000003 1000 168 4
1000003 1000 169 3
1000003 1000 170 2
1000003 1000 171 1
1000003 1000 172 0
1000003 1000 173 1
1000003 1000 174 2
1000003 1000 175 1
1000003 1000 176 0
1000003 1000 177 1
1000003 1000 178 0
1000003 1000 179 1
1000003 1000 180 0
1000003 1000 181 1
1000003 1000 182 2
1000003 1000 183 1
1000003 1000 184 0
1000003 1000 185 3
1000003 1000 186 0
1000003 1000 187 3
1000003 1000 188 0
1000003 1000 189 1
1000003 1000 190 0
1000003 1000 191 1
1000003 1000 192 2
1000003 1000 193 1
1000003 1000 194 0
1000003 1000 195 1
1000003 1000 196 4
1000003 1000 197 1
1000003 1000 198 2
1000003 1000 199 1
1000003 1000 200 0
1000003 1000 201 3
1000003 1000 202 2
1000003 1000 203 3
1000003 1000 204 2
1000003 1000 205 1
1000003 1000 206 0
1000003 1000 207 1
1000003 1000 208 2
1000003 1000 209 1
1000003 1000 210 2
1000003 1000 211 1
1000003 1000 212 0
1000003 1000 213 1
1000003 1000 214 0
1000003 1000 215 1
1000003 1000 216 4
1000003 1000 217 5
1000003 1000 218 2
1000003 1000 219 3
1000003 1000 220 2
1000003 1000 221 3
1000003 1000 222 0
1000003 1000 223 1
1000003 1000 224 0
1000003 1000 225 1
1000003 1000 226 0
1000003 1000 227 1
1000003 1000 228 2
1000003 1000 229 1
1000003 1000 230 0
1000003 1000 231 5
1000003 1000 232 2
1000003 1000 233 3
1000003 1000 234 0
1000003 1000 235 5
1000003 1000 236 0
1000003 1000 237 1
1000003 1000 238 2
1000003 1000 239 1
1000003 1000 240 0
1000003 1000 241 1
1000003 1000 242 0
1000003 1000 243 1
1000003 1000 244 2
1000003 1000 245 3
1000003 1000 246 0
1000003 1000 247 3
1000003 1000 248 0
1000003 1000 249 1
1000003 1000 250 4
1000003 1000 251 1
1000003 1000 252 0
1000003 1000 253 1
1000003 1000 254 4
1000003 1000 255 3
1000003 1000 256 0
1000003 1000 257 1
1000003 1000 258 2
1000003 1000 259 1
1000003 1000 260 0
1000003 1000 261 1
1000003 1000 262 0
1000003 1000 263 1
1000003 1000 264 2
1000003 1000 265 1
1000003 1000 266 0
1000003 1000 267 1
1000003 1000 268 0
1000003 1000 269 3
1000003 1000 270 2
1000003 1000 271 5
1000003 1000 272 0
1000003 1000 273 1
1000003 1000 274 2
1000003 1000 275 7
1000003 1000 276 0
1000003 1000 277 3
1000003 1000 278 0
1000003 1000 279 1
1000003 1000 280 2
1000003 1000 281 1
1000003 1000 282 2
1000003 1000 283 1
1000003 1000 284 2
1000003 1000 285 1
1000003 1000 286 2
1000003 1000 287 3
1000003 1000 288 4
1000003 1000 289 3
1000003 1000 290 0
1000003 1000 291 3
1000003 1000 292 0
1000003 1000 293 1
1000003 1000 294 0
1000003 1000 295 3
1000003 1000 296 6
1000003 1000 297 5
1000003 1000 298 2
1000003 1000 299 1
1000003 1000 300 2
1000003 1000 301 1
1000003 1000 302 2
1000003 1000 303 7
1000003 1000 304 0
1000003 1000 305 1
1000003 1000 306 0
1000003 1000 307 1
1000003 1000 308 2
1000003 1000 309 1
1000003 1000 310 0
1000003 1000 311 1
1000003 1000 312 0
1000003 1000 313 5
1000003 1000 314 4
1000003 1000 315 1
1000003 1000 316 6
1000003 1000 317 3
1000003 1000 318 0
1000003 1000 319 5
1000003 1000 320 0
1000003 1000 321 1
1000003 1000 322 0
1000003 1000 323 1
1000003 1000 324 6
1000003 1000 325 1
1000003 1000 326 0
1000003 1000 327 1
1000003 1000 328 0
1000003 1000 329 3
1000003 1000 330 2
1000003 1000 331 1
1000003 1000 332 0
1000003 1000 333 1
1000003 1000 334 0
1000003 1000 335 1
1000003 1000 336 4
1000003 1000 337 1
1000003 1000 338 0
1000003 1000 339 3
1000003 1000 340 0
1000003 1000 341 1
1000003 1000 342 0
1000003 1000 343 3
1000003 1000 344 2
1000003 1000 345 3
1000003 1000 346 0
1000003 1000 347 3
1000003 1000 348 4
1000003 1000 349 1
1000003 1000 350 2
1000003 1000 351 3
1000003 1000 352 0
1000003 1000 353 1
1000003 1000 354 0
1000003 1000 355 3
1000003 1000 356 0
1000003 1000 357 5
1000003 1000 358 4
1000003 1000 359 3
1000003 1000 360 2
1000003 1000 361 1
1000003 1000 362 2
1000003 1000 363 3
1000003 1000 364 0
1000003 1000 365 1
1000003 1000 366 0
1000003 1000 367 3
1000003 1000 368 2
1000003 1000 369 1
1000003 1000 370 0
1000003 1000 371 3
1000003 1000 372 0
1000003 1000 373 1
1000003 1000 374 2
1000003 1000 375 1
1000003 1000 376 0
1000003 1000 377 3
1000003 1000 378 0
1000003 1000 379 1
1000003 1000 380 4
1000003 1000 381 3
1000003 1000 382 0
1000003 1000 383 3
1000003 1000 384 2
1000003 1000 385 3
1000003 1000 386 4
1000003 1000 387 1
1000003 1000 388 2
1000003 1000 389 5
1000003 1000 390 2
1000003 1000 391 1
1000003 1000 392 0
1000003 1000 393 3
1000003 1000 394 2
1000003 1000 395 7
1000003 1000 396 0
1000003 1000 397 1
1000003 1000 398 2
1000003 1000 399 1
1000003 1000 400 6
1000003 1000 401 1
1000003 1000 402 2
1000003 1000 403 5
1000003 1000 404 0
1000003 1000 405 1
1000003 1000 406 0
1000003 1000 407 9
1000003 1000 408 0
1000003 1000 409 3
1000003 1000 410 0
1000003 1000 411 1
1000003 1000 412 0
1000003 1000 413 1
1000003 1000 414 0
1000003 1000 415 1
1000003 1000 416 0
1000003 1000 417 7
1000003 1000 418 0
1000003 1000 419 1
1000003 1000 420 0
1000003 1000 421 3
1000003 1000 422 2
1000003 1000 423 1
1000003 1000 424 0
1000003 1000 425 3
1000003 1000 426 0
1000003 1000 427 1
1000003 1000 428 0
1000003 1000 429 3
1000003 1000 430 4
1000003 1000 431 3
1000003 1000 432 0
1000003 1000 433 5
1000003 1000 434 2
1000003 1000 435 5
1000003 1000 436 2
1000003 1000 437 1
1000003 1000 438 0
1000003 1000 439 1
1000003 1000 440 0
1000003 1000 441 1
1000003 1000 442 0
1000003 1000 443 1
1000003 1000 444 0
1000003 1000 445 1
1000003 1000 446 0
1000003 1000 447 3
1000003 1000 448 2
1000003 1000 449 1
1000003 1000 450 0
1000003 1000 451 5
1000003 1000 452 0
1000003 1000 453 3
1000003 1000 454 0
1000003 1000 455 1
1000003 1000 456 2
1000003 1000 457 1
1000003 1000 458 0
1000003 1000 459 3
1000003 1000 460 0
1000003 1000 461 3
1000003 1000 462 2
1000003 1000 463 1
1000003 1000 464 0
1000003 1000 465 1
1000003 1000 466 0
1000003 1000 467 1
1000003 1000 468 0
1000003 1000 469 1
1000003 1000 470 0
1000003 1000 471 1
1000003 1000 472 0
1000003 1000 473 3
1000003 1000 474 0
1000003 1000 475 5
1000003 1000 476 4
1000003 1000 477 1
1000003 1000 478 0
1000003 1000 479 3
1000003 1000 480 0
1000003 1000 481 1
1000003 1000 482 0
1000003 1000 483 3
1000003 1000 484 0
1000003 1000 485 1
1000003 1000 486 0
1000003 1000 487 1
1000003 1000 488 0
1000003 1000 489 1
1000003 1000 490 0
1000003 1000 491 1
1000003 1000 492 4
1000003 1000 493 3
1000003 1000 494 4
1000003 1000 495 1
1000003 1000 496 0
1000003 1000 497 3
1000003 1000 498 0
1000003 1000 499 1
1000003 1000 500 0
1000003 1000 501 1
1000003 1000 502 2
1000003 1000 503 1
1000003 1000 504 0
1000003 1000 505 1
1000003 1000 506 2
1000003 1000 507 3
1000003 1000 508 2
1000003 1000 509 3
1000003 1000 510 0
1000003 1000 511 1
1000003 1000 512 0
1000003 1000 513 1
1000003 1000 514 0
1000003 1000 515 1
1000003 1000 516 0
1000003 1000 517 1
1000003 1000 518 0
1000003 1000 519 1
1000003 1000 520 4
1000003 1000 521 1
1000003 1000 522 2
1000003 1000 523 1
1000003 1000 524 0
1000003 1000 525 3
1000003 1000 526 2
1000003 1000 527 1
1000003 1000 528 2
1000003 1000 529 1
1000003 1000 530 2
1000003 1000 531 1
1000003 1000 532 0
1000003 1000 533 1
1000003 1000 534 0
1000003 1000 535 3
1000003 1000 536 0
1000003 1000 537 3
1000003 1000 538 2
1000003 1000 539 1
1000003 1000 540 2
1000003 1000 541 3
1000003 1000 542 2
1000003 1000 543 1
1000003 1000 544 0
1000003 1000 545 1
1000003 1000 546 4
1000003 1000 547 3
1000003 1000 548 4
1000003 1000 549 1
1000003 1000 550 0
1000003 1000 551 1
1000003 1000 552 0
1000003 1000 553 1
1000003 1000 554 0
1000003 1000 555 5
1000003 1000 556 0
1000003 1000 557 3
1000003 1000 558 2
1000003 1000 559 1
1000003 1000 560 0
1000003 1000 561 1
1000003 1000 562 2
1000003 1000 563 1
1000003 1000 564 2
1000003 1000 565 1
1000003 1000 566 4
1000003 1000 567 1
1000003 1000 568 2
1000003 1000 569 3
1000003 1000 570 0
1000003 1000 571 1
1000003 1000 572 0
1000003 1000 573 3
1000003 1000 574 0
1000003 1000 575 3
1000003 1000 576 0
1000003 1000 577 3
1000003 1000 578 0
1000003 1000 579 3
1000003 1000 580 0
1000003 1000 581 1
1000003 1000 582 0
1000003 1000 583 1
1000003 1000 584 0
1000003 1000 585 5
1000003 1000 586 2
1000003 1000 587 1
1000003 1000 588 0
1000003 1000 589 3
1000003 1000 590 0
1000003 1000 591 1
1000003 1000 592 4
1000003 1000 593 3
1000003 1000 594 0
1000003 1000 595 1
1000003 1000 596 0
1000003 1000 597 1
1000003 1000 598 0
1000003 1000 599 1
1000003 1000 600 0
1000003 1000 601 1
1000003 1000 602 2
1000003 1000 603 1
1000003 1000 604 2
1000003 1000 605 1
1000003 1000 606 0
1000003 1000 607 1
1000003 1000 608 0
1000003 1000 609 3
1000003 1000 610 0
1000003 1000 611 1
1000003 1000 612 0
1000003 1000 613 1
1000003 1000 614 0
1000003 1000 615 1
1000003 1000 616 4
1000003 1000 617 3
1000003 1000 618 0
1000003 1000 619 1
1000003 1000 620 2
1000003 1000 621 1
1000003 1000 622 0
1000003 1000 623 1
1000003 1000 624 0
1000003 1000 625 3
1000003 1000 626 4
1000003 1000 627 1
1000003 1000 628 0
1000003 1000 629 1
1000003 1000 630 2
1000003 1000 631 3
1000003 1000 632 2
1000003 1000 633 3
1000003 1000 634 2
1000003 1000 635 3
1000003 1000 636 2
1000003 1000 637 1
1000003 1000 638 0
1000003 1000 639 1
1000003 1000 640 2
1000003 1000 641 5
1000003 1000 642 0
1000003 1000 643 3
1000003 1000 644 0
1000003 1000 645 1
1000003 1000 646 0
1000003 1000 647 1
1000003 1000 648 0
1000003 1000 649 3
1000003 1000 650 4
1000003 1000 651 3
1000003 1000 652 0
1000003 1000 653 1
1000003 1000 654 2
1000003 1000 655 5
1000003 1000 656 0
1000003 1000 657 1
1000003 1000 658 0
1000003 1000 659 5
1000003 1000 660 0
1000003 1000 661 5
1000003 1000 662 0
1000003 1000 663 1
1000003 1000 664 0
1000003 1000 665 1
1000003 1000 666 0
1000003 1000 667 1
1000003 1000 668 0
1000003 1000 669 1
1000003 1000 670 0
1000003 1000 671 9
1000003 1000 672 2
1000003 1000 673 1
1000003 1000 674 0
1000003 1000 675 1
1000003 1000 676 0
1000003 1000 677 3
1000003 1000 678 0
1000003 1000 679 1
1000003 1000 680 8
1000003 1000 681 1
1000003 1000 682 0
1000003 1000 683 1
1000003 1000 684 0
1000003 1000 685 3
1000003 1000 686 0
1000003 1000 687 1
1000003 1000 688 0
1000003 1000 689 1
1000003 1000 690 2
1000003 1000 691 3
1000003 1000 692 2
1000003 1000 693 1
1000003 1000 694 2
1000003 1000 695 5
1000003 1000 696 0
1000003 1000 697 1
1000003 1000 698 2
1000003 1000 699 1
1000003 1000 700 2
1000003 1000 701 1
1000003 1000 702 0
1000003 1000 703 1
1000003 1000 704 2
1000003 1000 705 3
1000003 1000 706 0
1000003 1000 707 5
1000003 1000 708 2
1000003 1000 709 1
1000003 1000 710 2
1000003 1000 711 1
1000003 1000 712 0
1000003 1000 713 3
1000003 1000 714 0
1000003 1000 715 1
1000003 1000 716 2
1000003 1000 717 1
1000003 1000 718 0
1000003 1000 719 1
1000003 1000 720 0
1000003 1000 721 5
1000003 1000 722 0
1000003 1000 723 1
1000003 1000 724 0
1000003 1000 725 1
1000003 1000 726 4
1000003 1000 727 7
1000003 1000 728 0
1000003 1000 729 3
1000003 1000 730 0
1000003 1000 731 3
1000003 1000 732 2
1000003 1000 733 5
1000003 1000 734 2
1000003 1000 735 3
1000003 1000 736 0
1000003 1000 737 1
1000003 1000 738 0
1000003 1000 739 1
1000003 1000 740 2
1000003 1000 741 7
1000003 1000 742 2
1000003 1000 743 5
1000003 1000 744 2
1000003 1000 745 3
1000003 1000 746 0
1000003 1000 747 3
1000003 1000 748 2
1000003 1000 749 5
1000003 1000 750 0
1000003 1000 751 1
1000003 1000 752 2
1000003 1000 753 1
1000003 1000 754 0
1000003 1000 755 3
1000003 1000 756 2
1000003 1000 757 3
1000003 1000 758 0
1000003 1000 759 1
1000003 1000 760 0
1000003 1000 761 1
1000003 1000 762 0
1000003 1000 763 1
1000003 1000 764 2
1000003 1000 765 1
1000003 1000 766 8
1000003 1000 767 3
1000003 1000 768 0
1000003 1000 769 1
1000003 1000 770 0
1000003 1000 771 1
1000003 1000 772 0
1000003 1000 773 1
1000003 1000 774 0
1000003 1000 775 1
1000003 1000 776 0
1000003 1000 777 1
1000003 1000 778 2
1000003 1000 779 1
1000003 1000 780 0
1000003 1000 781 1
1000003 1000 782 0
1000003 1000 783 1
1000003 1000 784 2
1000003 1000 785 3
1000003 1000 786 2
1000003 1000 787 1
1000003 1000 788 0
1000003 1000 789 5
1000003 1000 790 2
1000003 1000 791 1
1000003 1000 792 2
1000003 1000 793 3
1000003 1000 794 0
1000003 1000 795 1
1000003 1000 796 2
1000003 1000 797 3
1000003 1000 798 2
1000003 1000 799 3
1000003 1000 800 0
1000003 1000 801 1
1000003 1000 802 2
1000003 1000 803 1
1000003 1000 804 0
1000003 1000 805 1
1000003 1000 806 2
1000003 1000 807 1
1000003 1000 808 0
1000003 1000 809 1
1000003 1000 810 2
1000003 1000 811 3
1000003 1000 812 0
1000003 1000 813 5
1000003 1000 814 0
1000003 1000 815 5
1000003 1000 816 2
1000003 1000 817 1
1000003 1000 818 4
1000003 1000 819 5
1000003 1000 820 0
1000003 1000 821 3
1000003 1000 822 0
1000003 1000 823 1
1000003 1000 824 2
1000003 1000 825 1
1000003 1000 826 0
1000003 1000 827 5
1000003 1000 828 0
1000003 1000 829 3
1000003 1000 830 0
1000003 1000 831 3
1000003 1000 832 4
1000003 1000 833 3
1000003 1000 834 0
1000003 1000 835 1
1000003 1000 836 0
1000003 1000 837 3
1000003 1000 838 2
1000003 1000 839 5
1000003 1000 840 0
1000003 1000 841 1
1000003 1000 842 0
1000003 1000 843 1
1000003 1000 844 0
1000003 1000 845 1
1000003 1000 846 2
1000003 1000 847 3
1000003 1000 848 0
1000003 1000 849 1
1000003 1000 850 2
1000003 1000 851 1
1000003 1000 852 0
1000003 1000 853 3
1000003 1000 854 2
1000003 1000 855 1
1000003 1000 856 0
1000003 1000 857 3
1000003 1000 858 2
1000003 1000 859 1
1000003 1000 860 0
1000003 1000 861 1
1000003 1000 862 0
1000003 1000 863 1
1000003 1000 864 0
1000003 1000 865 3
1000003 1000 866 0
1000003 1000 867 1
1000003 1000 868 0
1000003 1000 869 1
1000003 1000 870 0
1000003 1000 871 5
1000003 1000 872 2
1000003 1000 873 1
1000003 1000 874 0
1000003 1000 875 1
1000003 1000 876 0
1000003 1000 877 1
1000003 1000 878 0
1000003 1000 879 5
1000003 1000 880 2
1000003 1000 881 1
1000003 1000 882 0
1000003 1000 883 5
1000003 1000 884 0
1000003 1000 885 3
1000003 1000 886 2
1000003 1000 887 1
1000003 1000 888 0
1000003 1000 889 3
1000003 1000 890 4
1000003 1000 891 5
1000003 1000 892 0
1000003 1000 893 3
1000003 1000 894 0
1000003 1000 895 5
1000003 1000 896 0
1000003 1000 897 1
1000003 1000 898 0
1000003 1000 899 5
1000003 1000 900 2
1000003 1000 901 1
1000003 1000 902 2
1000003 1000 903 1
1000003 1000 904 0
1000003 1000 905 1
1000003 1000 906 2
1000003 1000 907 9
1000003 1000 908 2
1000003 1000 909 1
1000003 1000 910 0
1000003 1000 911 1
1000003 1000 912 0
1000003 1000 913 1
1000003 1000 914 2
1000003 1000 915 3
1000003 1000 916 2
1000003 1000 917 1
1000003 1000 918 4
1000003 1000 919 1
1000003 1000 920 0
1000003 1000 921 1
1000003 1000 922 2
1000003 1000 923 1
1000003 1000 924 0
1000003 1000 925 3
1000003 1000 926 0
1000003 1000 927 1
1000003 1000 928 0
1000003 1000 929 3
1000003 1000 930 0
1000003 1000 931 3
1000003 1000 932 2
1000003 1000 933 1
1000003 1000 934 6
1000003 1000 935 7
1000003 1000 936 0
1000003 1000 937 1
1000003 1000 938 4
1000003 1000 939 7
1000003 1000 940 2
1000003 1000 941 1
1000003 1000 942 2
1000003 1000 943 1
1000003 1000 944 2
1000003 1000 945 1
1000003 1000 946 0
1000003 1000 947 1
1000003 1000 948 0
1000003 1000 949 1
1000003 1000 950 0
1000003 1000 951 1
1000003 1000 952 2
1000003 1000 953 7
1000003 1000 954 0
1000003 1000 955 1
1000003 1000 956 0
1000003 1000 957 3
1000003 1000 958 0
1000003 1000 959 3
1000003 1000 960 0
1000003 1000 961 3
1000003 1000 962 2
1000003 1000 963 5
1000003 1000 964 0
1000003 1000 965 3
1000003 1000 966 2
1000003 1000 967 3
1000003 1000 968 4
1000003 1000 969 7
1000003 1000 970 0
1000003 1000 971 1
1000003 1000 972 0
1000003 1000 973 3
1000003 1000 974 2
1000003 1000 975 1
1000003 1000 976 0
1000003 1000 977 1
1000003 1000 978 0
1000003 1000 979 1
1000003 1000 980 2
1000003 1000 981 1
1000003 1000 982 0
1000003 1000 983 1
1000003 1000 984 2
1000003 1000 985 3
1000003 1000 986 2
1000003 1000 987 1
1000003 1000 988 0
1000003 1000 989 3
1000003 1000 990 2
1000003 1000 991 1
1000003 1000 992 4
1000003 1000 993 3
1000003 1000 994 0
1000003 1000 995 3
1000003 1000 996 0
1000003 1000 997 1
1000003 1000 998 0
1000003 1000 999 1
1000003 1000 1000 0
