POLYNOMIAL_AUDIT poly_max=20
h degree leading content quotient_degree quotient_content max_coeff_bits
1 0 1 1 - - 1
2 3 34 1 2 1 8
3 6 1155 1 - - 18
4 9 39236 2 8 2 30
5 12 1332869 1 - - 42
6 15 45278310 1 14 1 55
7 18 1538129671 1 - - 69
8 21 52251130504 4 20 4 83
9 24 1775000307465 3 - - 98
10 27 60297759323306 1 26 1 113
11 30 2048348816684939 1 - - 129
12 33 69583562007964620 2 32 2 145
13 36 2363792759454112141 1 - - 161
14 39 80299370259431848174 1 38 1 178
15 42 2727814796061228725775 5 - - 195
16 45 92665403695822344828176 8 44 8 212
17 48 3147895910861898495432209 1 - - 229
18 51 106935795565608726499866930 3 50 3 247
19 54 3632669153319834802500043411 1 - - 265
20 57 123403815417308774558501609044 2 56 2 283
POLYNOMIAL_AUDIT PASS
PRIME_AUDIT prime_max=10000
primes=1227 recurrence_positions=5736391 reflection_positions=5736391 direct_binomial_positions=15935 all_u_jet_checks=3012
target_orientations=1174 target_pairs=588 j_lt_k=586 j_gt_k=586 j_eq_k=2
p2_extra_orientations=0 p2_extra_pairs=0
TARGET_EXAMPLES p n j k u h Mmod defect
5 6 1 3 1 2 2 3
5 8 3 1 1 2 2 3
17 20 3 13 3 10 2 16
17 30 13 3 3 10 2 16
19 27 8 10 8 2 15 17
19 29 10 8 8 2 15 17
31 39 8 22 8 14 6 4
31 53 22 8 8 14 6 4
37 54 17 19 17 2 10 27
37 56 19 17 17 2 10 27
41 51 10 30 10 20 18 6
41 71 30 10 10 20 18 6
59 68 9 49 9 40 39 17
59 108 49 9 9 40 39 17
61 65 4 56 4 52 56 34
61 117 56 4 4 52 56 34
P2_EXTRA_EXAMPLES p n j k u h Mmod defect
PRIME_AUDIT PASS
Q7320_AUDIT PASS
